16
0.001000
0 0 0 0 0 0 0 0 0 0 0 0 0 0 0 0 
1600 29 44 73 80 24 71 56 40 70 2 42 41 6 26 96 26
55 1600 80 56 99 9 61 34 27 18 45 77 92 11 33 19 14
96 76 1600 74 53 14 44 52 55 82 57 78 77 60 21 30 67
29 47 36 1600 63 73 51 6 50 41 16 82 60 70 84 54 37
5 57 1 55 1600 10 82 12 88 57 69 7 87 8 79 16 70
76 25 66 81 74 1600 7 97 54 64 65 38 17 10 94 21 95
75 74 72 85 60 30 1600 52 64 17 57 44 30 9 56 7 85
87 5 25 82 59 88 48 1600 94 3 55 86 22 17 78 94 81
77 48 78 30 11 94 84 54 1600 22 93 10 28 26 30 14 43
93 87 38 39 79 41 93 66 62 1600 9 42 56 96 92 32 30
61 53 60 45 7 82 36 14 10 62 1600 41 21 90 92 15 3
53 54 71 45 20 31 53 60 84 49 52 1600 16 91 21 74 40
18 48 60 53 62 68 13 1 88 1 93 1 1600 75 22 52 83
96 47 21 47 7 3 93 57 17 85 75 88 27 1600 53 4 51
57 33 81 67 33 67 68 24 68 41 45 20 70 35 1600 14 22
60 22 54 53 76 70 36 51 56 61 3 60 34 16 15 1600 -6
