32
0.001000
0 0 0 0 0 0 0 0 0 0 0 0 0 0 0 0 0 0 0 0 0 0 0 0 0 0 0 0 0 0 0 0 
3200 29 44 73 80 24 71 56 40 70 2 42 41 6 26 96 5 43 55 80 56 99 9 61 34 27 18 45 77 92 11 33 0
4 3200 96 76 74 53 14 44 52 55 82 57 78 77 60 21 30 40 75 29 47 36 63 73 51 6 50 41 16 82 60 70 31
44 58 3200 5 57 1 55 10 82 12 88 57 69 7 87 8 79 16 54 15 76 25 66 81 74 7 97 54 64 65 38 17 82
21 64 92 3200 75 74 72 85 60 30 52 64 17 57 44 30 9 56 7 33 20 87 5 25 82 59 88 48 94 3 55 86 61
78 94 88 51 3200 77 48 78 30 11 94 84 54 22 93 10 28 26 30 14 31 52 93 87 38 39 79 41 93 66 62 9 27
96 92 32 45 68 3200 61 53 60 45 7 82 36 14 10 62 41 21 90 92 15 75 31 53 54 71 45 20 31 53 60 84 42
16 91 21 74 44 80 3200 18 48 60 53 62 68 13 1 88 1 93 1 75 22 52 30 90 96 47 21 47 7 3 93 57 77
75 88 27 53 4 73 14 3200 57 33 81 67 33 67 68 24 68 41 45 20 70 35 14 16 53 60 22 54 53 76 70 36 2
61 3 60 34 16 15 64 94 3200 81 96 61 47 21 27 88 63 46 56 98 57 71 49 17 93 3 68 67 70 2 19 27 89
84 93 34 98 57 28 79 52 86 3200 25 70 14 13 33 57 68 29 13 40 78 27 31 78 94 97 47 94 14 71 54 32 17
65 53 3 90 30 52 75 54 22 86 3200 64 53 41 33 81 53 70 57 80 1 36 72 95 82 66 8 53 21 39 6 66 86
66 90 85 19 65 40 38 51 2 90 90 3200 34 72 43 2 29 23 99 62 95 95 42 59 3 92 77 39 97 43 41 53 -4
39 26 94 76 61 44 77 52 34 10 22 76 3200 11 48 97 11 11 90 4 52 47 4 45 25 42 40 67 81 93 74 11 30
3 6 59 46 82 9 77 89 30 52 1 77 49 3200 9 85 37 12 36 83 15 78 8 54 18 73 35 11 45 45 40 43 -1
99 91 26 6 69 15 35 21 13 10 67 21 95 4 3200 30 29 84 44 7 92 98 24 63 31 33 8 76 72 48 22 16 88
39 52 79 51 84 99 64 94 64 82 87 67 13 16 52 3200 54 22 42 52 43 5 83 75 12 57 46 60 78 59 5 88 22
68 48 37 65 10 29 30 92 16 94 3 29 44 56 48 83 3200 7 89 87 87 64 97 42 8 55 18 66 57 6 61 10 80
47 35 17 75 64 7 89 56 9 16 98 63 64 81 67 53 69 3200 54 15 64 95 23 19 13 86 73 16 46 83 87 53 17
67 3 83 74 91 37 80 8 35 41 69 17 8 20 83 59 34 47 3200 52 54 63 62 39 34 78 84 17 63 35 44 82 14
63 73 36 99 54 41 35 92 8 49 1 27 32 57 59 76 10 13 37 3200 71 49 70 47 33 85 10 67 27 89 67 71 98
6 50 93 44 82 84 52 31 84 76 60 39 35 34 48 46 68 20 94 36 3200 64 26 21 74 90 48 61 57 17 14 97 50
88 66 43 72 18 73 54 93 31 93 27 64 39 72 30 56 64 65 21 89 84 3200 94 80 30 55 35 46 66 30 68 27 26
69 88 49 40 41 40 70 32 66 32 70 36 61 27 1 27 47 87 11 39 65 40 3200 91 1 83 58 30 51 82 46 82 40
29 89 73 69 60 5 33 91 74 67 51 98 65 75 45 52 85 83 18 23 73 16 6 3200 31 43 55 11 89 37 60 22 32
92 33 10 94 63 98 68 30 47 67 94 22 10 45 7 91 62 27 64 77 33 92 20 87 3200 3 7 22 63 26 85 13 4
20 10 79 16 78 7 63 43 99 84 52 44 89 41 4 16 5 78 46 96 95 31 99 1 53 3200 60 26 38 72 42 54 76
31 5 27 35 67 67 34 52 18 75 41 58 78 54 63 54 1 57 50 31 56 50 83 16 73 20 3200 85 13 71 74 62 3
86 34 44 52 68 95 69 41 34 25 18 88 85 71 86 43 19 17 98 66 98 13 40 16 95 50 86 3200 70 10 85 47 25
90 46 84 84 15 26 16 37 43 2 23 12 87 65 31 3 61 96 1 71 34 16 67 82 99 35 91 82 3200 81 85 1 90
83 51 43 7 67 80 47 68 3 58 54 67 86 56 26 81 56 97 15 69 64 94 66 98 86 48 77 69 48 3200 44 1 53
43 35 60 21 81 26 23 38 79 87 24 35 14 5 88 9 18 55 72 12 21 68 95 68 43 65 15 84 63 43 3200 79 68
37 25 55 63 47 92 42 33 15 75 44 19 63 52 36 17 24 46 37 89 41 6 32 6 18 14 66 60 93 70 34 3200 55
